-87.40522748226753
6.804202661060574
-24.337499855125028
37.50998473004759
48.248251028740455
-90.47967334884773
7.050200818914697
-1.4785936269591893
-108.18464133098524
-51.67893021413987
-56.22912035455975
27.516726530837285
83.77002340558937
-39.064814854864096
44.84650181280102
-0.02965017475318632
-118.95331934384924
-104.80689451703654
-65.1220868166035
-40.92679131954273
51.127982323582856
38.217335430984654
-24.15595825690616
-34.550735555139624
-91.71141960428618
-34.76399132428783
57.07596455016736
10.800799145906378
67.53009602094484
-101.01824575215237
-76.00967970592627
50.26744853622625
------------------------
84.82085716038559
------------------------
1.7492345973969097
------------------------
-58.26054389302048
------------------------
19.895109308422214
------------------------
-7.802262008680477
------------------------
-9.713719731938413
------------------------
62.24054701561556
------------------------
25.26870627355663
------------------------
75.17667714626438
------------------------
60.77118614277951
------------------------
-103.85377877994618
------------------------
-44.09881278589239
------------------------
49.906674856008586
------------------------
-56.165897962273526
------------------------
67.23709818598299
-74.98602540605353
-23.76472714791013
-97.23956651688754
-97.537578317656
-74.1064734239312
71.34609430914354
23.68010773343084
-7.198002120309058
35.46118233369621
55.51966164898346
-17.629986660141128
-58.84139621169341
-48.00397963937123
-117.32502780826678
-19.427515877367526
